735142.698776 0
735142.698791 0
735142.698795 0
735142.6988 0
735142.698805 0
735142.698808 0
735142.698812 0
735142.698816 0
735142.69882 0
735142.698825 0
735142.698829 0
735142.698834 0
735142.698838 0
735142.698842 0
735142.698845 0
735142.698849 0
735142.698852 0
735142.698857 0
735142.698863 0
735142.698866 0
735142.698871 0
735142.698876 0
735142.698881 0
735142.698887 0
735142.698893 0
735142.698897 0
735142.698901 0
735142.698905 0
735142.698908 0
735142.698912 0
735142.698916 0
735142.69892 0
735142.698924 0
735142.698926 0
735142.698928 0
735142.698931 0
735142.698934 0
735142.698937 0
735142.698943 14
735142.69895 19
735142.698955 0
735142.69896 0
735142.698964 0
735142.698969 0
735142.698974 0
735142.698979 0
735142.698984 9
735142.698992 20
735142.698997 19
735142.699003 0
735142.699009 0
735142.699014 0
735142.699017 0
735142.699021 0
735142.699025 0
735142.699029 0
735142.699034 0
735142.699039 0
735142.699043 0
735142.699047 0
735142.699052 0
735142.699055 0
735142.699059 0
735142.699062 0
735142.699066 0
735142.69907 0
735142.699074 0
735142.699079 0
735142.699082 0
735142.699086 0
735142.699089 0
735142.699093 0
735142.699096 0
735142.699099 0
735142.699104 0
735142.699108 0
735142.699112 0
735142.699116 0
735142.69912 0
735142.699125 0
735142.699129 0
735142.699133 0
735142.699136 0
735142.69914 0
735142.699144 0
735142.699149 0
735142.699155 0
735142.699158 0
735142.699162 0
735142.699165 0
735142.699169 0
735142.699172 0
735142.699179 0
735142.699183 0
735142.699187 0
735142.699191 0
735142.699195 0
735142.6992 15
735142.699204 7
735142.699209 0
735142.699214 0
735142.69922 9
735142.699225 11
735142.699229 0
735142.699232 15
735142.699237 7
735142.69924 0
735142.699244 0
735142.699249 0
735142.699253 0
735142.699256 0
735142.69926 0
735142.699264 0
735142.699268 0
735142.699271 0
735142.699275 0
735142.699279 0
735142.699283 0
735142.699288 0
735142.699293 0
735142.699297 0
735142.699302 0
735142.699307 0
735142.699311 0
735142.699316 0
735142.69932 0
735142.699326 0
735142.699331 0
735142.699337 0
735142.699341 0
735142.699343 0
735142.699346 0
735142.69935 0
735142.699354 0
735142.699359 0
735142.699364 0
735142.699369 0
735142.699374 0
735142.699378 0
735142.699383 0
735142.699386 0
735142.69939 0
735142.699394 0
735142.699399 0
735142.699403 0
735142.699408 0
735142.699412 0
735142.699417 0
735142.699421 0
735142.699426 0
735142.699431 0
735142.699435 0
735142.699439 0
735142.699444 0
735142.699448 0
735142.699452 0
735142.699457 0
735142.699461 0
735142.699465 0
735142.69947 0
735142.699473 0
735142.699476 0
735142.69948 0
735142.699484 0
735142.699488 0
735142.699491 0
735142.699495 0
735142.6995 0
735142.699505 0
735142.69951 0
735142.699513 0
735142.699516 0
735142.69952 0
735142.699526 0
735142.69953 0
735142.699535 0
735142.699541 0
735142.699547 0
735142.699551 0
735142.699556 0
735142.69956 0
735142.699565 0
735142.699572 0
735142.699576 0
735142.69958 0
735142.699585 0
735142.69959 11
735142.699596 13
735142.699599 11
735142.699604 10
735142.699608 10
735142.699614 0
735142.699619 0
735142.699624 6
735142.699628 0
735142.699632 9
735142.699637 6
735142.699641 0
735142.699645 0
735142.69965 0
735142.699656 0
735142.699662 10
735142.699666 11
735142.699672 9
735142.699677 9
735142.699681 8
735142.699687 11
735142.699692 8
735142.699695 8
735142.6997 8
735142.699706 6
735142.699712 11
735142.699717 8
735142.699722 9
735142.699725 0
735142.699729 0
735142.699733 0
735142.699736 0
735142.699742 6
735142.699747 0
735142.699751 7
735142.699755 0
735142.699759 0
735142.699763 11
735142.699766 13
735142.69977 20
735142.699774 0
735142.699779 0
735142.699783 0
735142.699786 0
735142.699792 0
735142.699798 0
735142.699804 0
735142.699809 0
735142.699814 0
735142.699819 0
735142.699825 0
735142.699829 0
735142.699833 0
735142.699838 0
735142.699844 0
735142.699851 0
735142.699855 0
735142.699859 0
735142.699863 0
735142.69987 0
735142.699874 0
735142.699877 0
735142.699881 0
735142.699886 0
735142.699889 0
735142.699892 0
735142.699895 0
735142.699898 0
735142.699903 0
735142.699909 0
735142.699914 0
735142.699918 0
735142.699923 0
735142.699927 0
735142.699931 0
735142.699936 0
735142.699942 0
735142.699946 0
735142.699949 0
735142.699953 0
735142.699957 0
735142.699961 0
735142.699964 0
735142.699968 0
735142.699972 0
735142.699977 0
735142.699983 0
735142.699988 0
735142.699993 0
735142.699999 0
735142.700005 0
735142.700011 0
735142.700017 0
735142.700022 0
735142.700028 0
735142.700032 0
735142.700036 0
735142.700041 0
735142.700046 0
735142.70005 0
735142.700055 0
735142.700059 0
735142.700062 0
735142.700067 0
735142.700072 0
735142.700076 0
735142.70008 0
735142.700083 0
735142.700087 0
735142.70009 0
735142.700093 0
735142.700097 0
735142.700102 0
735142.700106 0
735142.70011 0
735142.700114 0
735142.700118 0
735142.700122 0
735142.700127 0
735142.700131 0
735142.700135 0
735142.70014 0
735142.700146 0
735142.700151 0
735142.700156 0
735142.70016 0
735142.700165 0
735142.700171 0
735142.700176 0
735142.70018 0
735142.700185 0
735142.70019 0
735142.700195 0
735142.700199 0
735142.700202 0
735142.700205 0
735142.700209 0
735142.700215 0
735142.70022 0
735142.700224 0
735142.700228 0
735142.700232 0
735142.700236 0
735142.70024 0
735142.700245 0
735142.700248 0
735142.700253 0
735142.700258 0
735142.700264 0
735142.70027 0
735142.700276 0
735142.70028 0
735142.700284 0
735142.700289 0
735142.700293 0
735142.700297 0
735142.700301 0
735142.700306 0
735142.700312 0
735142.700317 0
735142.700321 0
735142.700325 0
735142.70033 0
735142.700335 0
735142.700339 0
735142.700343 0
735142.700347 0
735142.700352 0
735142.700358 0
735142.700362 0
735142.700366 0
735142.700372 0
735142.700379 0
735142.700384 0
735142.700389 0
735142.700395 10
735142.700403 8
735142.700407 12
735142.700412 7
735142.700417 20
735142.700421 16
735142.700424 15
735142.700429 13
735142.700432 8
735142.700438 19
735142.700444 14
735142.700449 20
735142.700455 21
735142.700461 18
735142.700469 13
735142.700477 7
735142.700482 21
735142.70049 0
735142.700496 0
735142.700502 0
735142.700507 0
735142.700513 0
735142.70052 0
735142.700524 0
735142.700527 0
735142.700531 0
735142.700535 0
735142.70054 0
735142.700545 0
735142.700549 0
735142.700553 0
735142.700558 7
735142.700564 0
735142.700568 0
735142.700571 0
735142.700574 0
735142.700578 0
735142.700582 0
735142.700587 0
735142.700592 0
735142.700595 0
735142.700599 0
735142.700604 0
735142.700608 0
735142.700612 0
735142.700616 0
735142.70062 0
735142.700624 0
735142.700628 0
735142.700632 0
735142.700637 0
735142.700641 0
735142.700644 0
735142.700647 0
735142.70065 0
735142.700654 0
735142.700658 0
735142.700663 34
735142.700668 64
735142.700672 0
735142.700678 0
735142.700683 0
735142.700689 39
735142.700694 0
735142.700698 21
735142.700703 0
735142.700707 0
735142.700712 36
735142.700716 0
735142.700722 33
735142.700727 66
735142.700734 29
735142.700739 31
735142.700744 10
735142.700749 18
735142.700754 18
735142.700759 0
735142.700764 0
735142.700768 23
735142.700773 0
735142.700778 0
735142.700783 0
735142.700789 6
735142.700793 0
735142.700798 13
735142.700803 30
735142.700808 14
735142.700813 16
735142.700818 28
735142.700823 0
735142.700828 32
735142.700832 10
735142.700836 33
735142.70084 22
735142.700845 24
735142.70085 19
735142.700855 0
735142.70086 0
735142.700864 0
735142.700869 25
735142.700874 26
735142.700879 27
735142.700887 29
735142.700894 19
735142.700899 8
735142.700903 18
735142.700907 0
735142.700911 18
735142.700915 21
735142.700919 19
735142.700925 0
735142.700931 30
735142.700936 29
735142.700941 67
735142.700946 116
735142.700952 117
735142.700958 130
735142.700964 114
735142.700969 117
735142.700975 103
735142.700981 90
735142.700988 97
735142.700995 95
735142.701003 90
735142.701068 83
735142.701074 46
735142.70108 50
735142.701085 41
735142.701091 46
735142.701095 55
735142.701099 0
735142.701105 0
735142.701112 60
735142.70112 54
735142.701124 38
735142.70113 41
735142.701135 36
735142.70114 39
735142.701145 44
735142.701149 37
735142.701152 44
735142.701156 40
735142.70116 40
735142.701163 17
735142.701166 0
735142.701169 9
735142.701176 8
735142.701183 15
735142.70119 13
735142.701195 34
735142.7012 10
735142.701205 14
735142.701212 16
735142.701217 16
735142.701222 11
735142.701227 28
735142.701232 56
735142.701236 14
735142.701241 0
735142.701247 18
735142.701253 17
735142.701258 22
735142.701263 22
735142.701269 15
735142.701277 13
735142.701282 26
735142.701287 27
735142.701291 14
735142.701297 13
735142.701304 32
735142.701309 25
735142.701316 28
735142.701323 28
735142.70133 31
735142.701337 20
735142.701344 9
735142.70135 24
735142.701355 23
735142.70136 8
735142.701365 18
735142.70137 19
735142.701375 18
735142.701379 21
735142.701385 29
735142.701391 34
735142.701396 17
735142.701401 19
735142.701406 23
735142.701411 18
735142.701417 15
735142.701421 8
735142.701425 10
735142.701431 18
735142.701439 19
735142.701445 12
735142.70145 12
735142.701455 12
735142.701461 15
735142.701465 17
735142.701469 20
735142.701474 21
735142.701481 20
735142.701488 15
735142.701494 17
735142.7015 22
735142.701506 24
735142.701512 11
735142.701517 27
735142.701522 33
735142.701527 14
735142.701533 19
735142.701538 15
735142.701543 9
735142.701548 0
735142.701553 19
735142.701558 34
735142.701563 15
735142.701568 14
735142.701574 15
735142.701581 23
735142.701587 14
735142.701592 17
735142.701596 16
735142.7016 14
735142.701605 9
735142.701608 15
735142.701612 20
735142.701618 17
735142.701625 27
735142.70163 15
735142.701635 23
735142.70164 39
735142.701645 7
735142.70165 16
735142.701654 13
735142.701658 11
735142.701662 14
735142.701666 14
735142.70167 11
735142.701675 17
735142.701679 6
735142.701684 11
735142.701688 14
735142.701692 7
735142.701698 35
735142.701702 12
735142.701705 11
735142.70171 17
735142.701717 20
735142.701722 10
735142.701727 16
735142.701733 15
735142.701737 14
735142.701741 0
735142.701745 0
735142.70175 18
735142.701756 15
735142.701763 13
735142.70177 12
735142.701777 27
735142.701783 0
735142.70179 17
735142.701795 33
735142.7018 30
735142.701805 18
735142.70181 21
735142.701815 16
735142.70182 14
735142.701825 14
735142.70183 0
735142.701835 12
735142.701839 13
735142.701844 16
735142.70185 50
735142.701858 71
735142.701863 85
735142.701869 88
735142.701877 63
735142.701884 43
735142.70189 50
735142.701895 30
735142.701901 39
735142.701906 42
735142.701911 52
735142.701918 36
735142.701924 37
735142.701929 35
735142.701934 59
735142.701939 36
735142.701945 0
735142.70195 6
735142.701955 32
735142.70196 39
735142.701965 23
735142.70197 43
735142.701977 45
735142.701981 31
735142.701987 45
735142.701993 26
735142.702 16
735142.702006 14
735142.702012 12
735142.702019 12
735142.702024 12
735142.702028 10
735142.702034 10
735142.702039 20
735142.702044 15
735142.702049 14
735142.702053 11
735142.702058 15
735142.702064 10
735142.702069 17
735142.702074 26
735142.702079 20
735142.702083 26
735142.702089 22
735142.702094 16
735142.702099 7
735142.702104 31
735142.702109 19
735142.702114 33
735142.702119 17
735142.702123 21
735142.702128 10
735142.702133 15
735142.702139 19
735142.702144 20
735142.702151 17
735142.702157 24
735142.702165 21
735142.702171 20
735142.702177 14
735142.702182 18
735142.702187 20
735142.702192 20
735142.702197 7
735142.702202 13
735142.702206 0
735142.70221 18
735142.702216 11
735142.702223 13
735142.702229 9
735142.702234 22
735142.702239 16
735142.702245 33
735142.702252 12
735142.702257 10
735142.702262 13
735142.702267 7
735142.702273 25
735142.702278 31
735142.702282 22
735142.702286 16
735142.70229 10
735142.702297 24
735142.702303 22
735142.702308 22
735142.702313 29
735142.702319 21
735142.702323 15
735142.702327 40
735142.702331 28
735142.702335 43
735142.702339 21
735142.702343 24
735142.702347 20
735142.702351 12
735142.702355 19
735142.702359 22
735142.702363 15
735142.702367 9
735142.702374 26
735142.70238 73
735142.702387 83
735142.702392 50
735142.702397 70
735142.702402 74
735142.702407 50
735142.702413 32
735142.702418 40
735142.702423 47
735142.702428 44
735142.702435 40
735142.702439 35
735142.702444 33
735142.702448 30
735142.702452 33
735142.702456 35
735142.702461 32
735142.70247 10
735142.702476 19
735142.702482 35
735142.702487 21
735142.702491 23
735142.702495 36
735142.702499 37
735142.702504 24
735142.702508 20
735142.702515 20
735142.70252 49
735142.702526 33
735142.702531 47
735142.702538 29
735142.702545 51
735142.70255 49
735142.702555 54
735142.70256 41
735142.702564 26
735142.702568 34
735142.702575 55
735142.702581 49
735142.702587 46
735142.702591 33
735142.702595 15
735142.702599 31
735142.702604 46
735142.702608 39
735142.702612 38
735142.702617 35
735142.70262 32
735142.702628 19
735142.702634 18
735142.702639 31
735142.702645 39
735142.702649 33
735142.702654 41
735142.70266 21
735142.702664 20
735142.70267 33
735142.702675 40
735142.702681 26
735142.702688 16
735142.702694 19
735142.702699 35
735142.702704 19
735142.702709 40
735142.702714 30
735142.70272 28
735142.702725 32
735142.70273 21
735142.702735 28
735142.702741 21
735142.702746 39
735142.702751 24
735142.702759 29
735142.702764 41
735142.702769 45
735142.702774 42
735142.702779 34
735142.702785 31
735142.70279 45
735142.702796 30
735142.702804 17
735142.702809 36
735142.702814 17
735142.702819 25
735142.702824 20
735142.702829 21
735142.702835 18
735142.702839 24
735142.702846 29
735142.702853 16
735142.702859 7
735142.702865 24
735142.702869 13
735142.702875 11
735142.702879 20
735142.702883 13
735142.702886 9
735142.702891 15
735142.702894 18
735142.702899 31
735142.702903 23
735142.702907 18
735142.702911 18
735142.702917 23
735142.702922 27
735142.702927 21
735142.702934 32
735142.702941 17
735142.702948 20
735142.702952 25
735142.702957 20
735142.702962 20
735142.702968 23
735142.702972 19
735142.702976 20
735142.70298 21
735142.702985 19
735142.702991 21
735142.702996 14
735142.703001 16
735142.703006 20
735142.703012 14
735142.703017 14
735142.703022 22
735142.703027 17
735142.703033 23
735142.70304 21
735142.703045 9
735142.70305 22
735142.703056 11
735142.703063 21
735142.703068 21
735142.703073 16
735142.703077 18
735142.703082 18
735142.703086 21
735142.703094 28
735142.7031 16
735142.703107 20
735142.703112 13
735142.703117 12
735142.703122 14
735142.703127 26
735142.703132 25
735142.703137 20
735142.703142 24
735142.703149 26
735142.703155 27
735142.70316 11
735142.703165 13
735142.70317 20
735142.703175 17
735142.70318 28
735142.703185 23
735142.703189 20
735142.703194 15
735142.703199 17
735142.703204 21
735142.703211 12
735142.703217 26
735142.703224 23
735142.70323 22
735142.703236 19
735142.703242 13
735142.703247 7
735142.703252 11
735142.703257 21
735142.703261 17
735142.703266 11
735142.703271 8
735142.703276 15
735142.703281 9
735142.703286 14
735142.703291 12
735142.703296 9
735142.7033 7
735142.703305 13
735142.703311 7
735142.703316 12
735142.70332 13
735142.703327 11
735142.703333 12
735142.70334 14
735142.703345 27
735142.703349 18
735142.703354 24
735142.70336 15
735142.703366 17
735142.703372 32
735142.703378 33
735142.703385 28
735142.70339 39
735142.703395 31
735142.7034 35
735142.703405 36
735142.70341 27
735142.703414 36
735142.703418 32
735142.703425 47
735142.703432 48
735142.703437 29
735142.703442 37
735142.703447 27
735142.703451 23
735142.703457 26
735142.703462 43
735142.703467 29
735142.703472 21
735142.703477 27
735142.703482 34
735142.703488 39
735142.703493 29
735142.703498 31
735142.703503 30
735142.703507 25
735142.703514 23
735142.703519 27
735142.703524 38
735142.703529 31
735142.703534 37
735142.703539 37
735142.703544 52
735142.703548 32
735142.703552 38
735142.70356 37
735142.703566 35
735142.703574 32
735142.703579 40
735142.703584 65
735142.703589 50
735142.703595 73
735142.703602 47
735142.703608 57
735142.703616 69
735142.703621 50
735142.703627 50
735142.703633 42
735142.703638 36
735142.703643 47
735142.703648 33
735142.703653 36
735142.703659 27
735142.703666 36
735142.703671 52
735142.703676 28
735142.703681 51
735142.703689 33
735142.703694 53
735142.703698 47
735142.703704 68
735142.703709 49
735142.703714 55
735142.703719 64
735142.703724 80
735142.703729 79
735142.703735 79
735142.703739 56
735142.703744 49
735142.703749 20
735142.703756 0
735142.703761 0
735142.703767 0
735142.703773 0
735142.70378 0
735142.703786 6
735142.703791 9
735142.703796 8
735142.703803 0
735142.703808 0
735142.703812 17
735142.703817 17
735142.703822 22
735142.703827 15
735142.703832 20
735142.703837 18
735142.703842 10
735142.703847 13
735142.703852 29
735142.703857 28
735142.703862 30
735142.703867 33
735142.703873 14
735142.703878 26
735142.703883 24
735142.703889 19
735142.703893 19
735142.703897 20
735142.703901 13
735142.703906 32
735142.703913 17
735142.703919 8
735142.703924 31
735142.70393 30
735142.703934 19
735142.703938 9
735142.703944 16
735142.703949 21
735142.703954 25
735142.703962 18
735142.703968 17
735142.703973 33
735142.703977 36
735142.70398 29
735142.703985 37
735142.703989 18
735142.703992 28
735142.703999 35
735142.704005 34
735142.70401 32
735142.704016 42
735142.704021 38
735142.704027 35
735142.704032 25
735142.704038 16
735142.704044 32
735142.704049 35
735142.704054 35
735142.704059 17
735142.704063 32
735142.704067 29
735142.704071 28
735142.704081 19
735142.704088 28
735142.704092 6
735142.704096 11
735142.7041 14
735142.704104 31
735142.704107 28
735142.70411 29
735142.704119 32
735142.704127 27
735142.704134 28
735142.704139 27
735142.704143 29
735142.704149 35
735142.704153 23
735142.704157 33
735142.70416 24
735142.704164 26
735142.704167 28
735142.70417 31
735142.704177 15
735142.704183 20
735142.704189 31
735142.704196 42
735142.7042 7
735142.704204 22
735142.704209 41
735142.704212 14
735142.70422 10
735142.704225 0
735142.704231 28
735142.704237 26
735142.704242 12
735142.704248 28
735142.704254 61
735142.704259 26
735142.704264 12
735142.704269 0
735142.704272 0
735142.704275 0
735142.704278 0
735142.704281 0
735142.704285 0
735142.704291 0
735142.704296 0
735142.7043 0
735142.704305 21
735142.704312 0
735142.704318 7
735142.704325 7
735142.704329 16
735142.704334 16
735142.704339 8
735142.704345 14
735142.704351 22
735142.704356 25
735142.704361 28
735142.704366 11
735142.70437 16
735142.704374 0
735142.704381 19
735142.704387 19
735142.704394 11
735142.704398 18
735142.704405 15
735142.70441 20
735142.704415 20
735142.70442 16
735142.704425 21
735142.70443 10
735142.704435 0
735142.70444 17
735142.704444 17
735142.704449 7
735142.704454 20
735142.704459 20
735142.704463 0
735142.704468 0
735142.704473 13
735142.704478 17
735142.704483 12
735142.704488 12
735142.704493 13
735142.704498 12
735142.704503 15
735142.704508 0
735142.704512 10
735142.704517 14
735142.704524 13
735142.704529 8
735142.704533 6
735142.704538 9
735142.704543 0
735142.704548 8
735142.704553 0
735142.704557 0
735142.704562 0
735142.704566 13
735142.704572 15
735142.704578 14
735142.704582 7
735142.704587 14
735142.704593 18
735142.704597 11
735142.704602 21
735142.704608 22
735142.704615 23
735142.704622 19
735142.704626 8
735142.704631 8
735142.704636 8
735142.704641 0
735142.704646 0
735142.704651 19
735142.704655 9
735142.70466 0
735142.704665 16
735142.70467 10
735142.704675 12
735142.70468 19
735142.704685 12
735142.70469 21
735142.704695 20
735142.7047 16
735142.704706 13
735142.704711 12
735142.704715 0
735142.70472 11
735142.704725 11
735142.704731 12
735142.704736 12
735142.704741 16
735142.704746 15
735142.704751 18
735142.704756 17
735142.704761 8
735142.704766 20
735142.704772 17
735142.704779 24
735142.704783 13
735142.704788 16
735142.704793 22
735142.704798 14
735142.704803 17
735142.704808 7
735142.704813 20
735142.704818 14
735142.704823 11
735142.704828 13
735142.704833 12
735142.704839 9
735142.704845 12
735142.704849 22
735142.704854 17
735142.704859 14
735142.704864 18
735142.70487 20
735142.704875 10
735142.70488 8
735142.704885 18
735142.704889 14
735142.704894 13
735142.704898 20
735142.704905 14
735142.704911 14
735142.704917 13
735142.704922 6
735142.704927 16
735142.704932 31
735142.704937 44
735142.704942 37
735142.704947 33
735142.704952 38
735142.704959 41
735142.704964 23
735142.704969 39
735142.704974 31
735142.70498 37
735142.704987 38
735142.704992 34
735142.704997 38
735142.705004 39
735142.705009 18
735142.705014 31
735142.705019 40
735142.705023 38
735142.705028 31
735142.705033 25
735142.705038 25
735142.705044 21
735142.705049 25
735142.705055 29
735142.705059 23
735142.705064 29
735142.705068 27
735142.705073 16
735142.70508 32
735142.705087 30
735142.705093 24
735142.705101 21
735142.705106 26
735142.705112 18
735142.705119 21
735142.705125 30
735142.705132 25
735142.705137 30
735142.705142 21
735142.705147 22
735142.705152 37
735142.705157 31
735142.705162 29
735142.705167 22
735142.705172 29
735142.705177 27
735142.705182 32
735142.705188 24
735142.705195 31
735142.7052 20
735142.705205 29
735142.70521 26
735142.705215 28
735142.705219 19
735142.705223 27
735142.705227 26
735142.705234 30
735142.70524 23
735142.705246 22
735142.705251 12
735142.705256 25
735142.705261 15
735142.705266 32
735142.70527 26
735142.705275 23
735142.70528 26
735142.705285 22
735142.70529 22
735142.705295 31
735142.705301 19
735142.705309 29
735142.705315 25
735142.705322 22
735142.705328 27
735142.705335 19
735142.705339 26
735142.705344 24
735142.705349 35
735142.705354 25
735142.705359 25
735142.705364 14
735142.705368 30
735142.705373 12
735142.705378 34
735142.705384 17
735142.705389 22
735142.705393 24
735142.705398 25
735142.705403 25
735142.705406 30
735142.70541 29
735142.705414 36
735142.705418 26
735142.705422 19
735142.705426 28
735142.70543 29
735142.705434 31
735142.70544 24
735142.705448 22
735142.705453 21
735142.70546 10
735142.705466 25
735142.705473 18
735142.705478 29
735142.705482 20
735142.705487 17
735142.705492 16
735142.705497 27
735142.705502 19
735142.705506 15
735142.70551 61
735142.705518 55
735142.705525 36
735142.705531 29
735142.705537 18
735142.705542 21
735142.705547 11
735142.705552 16
735142.705556 23
735142.705561 29
735142.705566 21
735142.705571 29
735142.705576 14
735142.705581 15
735142.705587 18
735142.70559 20
735142.705596 31
735142.705603 24
735142.705607 25
735142.705612 0
735142.705617 25
735142.705622 19
735142.705626 16
735142.705631 8
735142.705636 0
735142.705641 29
735142.705646 31
735142.705651 15
735142.705656 29
735142.70566 25
735142.705667 29
735142.705673 22
735142.70568 18
735142.705686 21
735142.705691 14
735142.705696 18
735142.705701 29
735142.705706 27
735142.705712 24
735142.705718 24
735142.705722 20
735142.705728 21
735142.705733 19
735142.705739 30
735142.705745 18
735142.70575 25
735142.705754 24
735142.705758 26
735142.705761 15
735142.705765 15
735142.705769 35
735142.705776 34
735142.705783 13
735142.705789 0
735142.705793 11
735142.705798 12
735142.705804 21
735142.705809 31
735142.705814 23
735142.705819 14
735142.705823 8
735142.70583 19
735142.705834 29
735142.705838 30
735142.705842 18
735142.705846 20
735142.705849 28
735142.705852 21
735142.705855 25
735142.705858 25
735142.705861 22
735142.705864 23
735142.705867 28
735142.705871 28
735142.705874 34
735142.705877 34
735142.70588 29
735142.705884 26
735142.705887 27
735142.705891 29
735142.705893 21
735142.705897 25
735142.7059 31
735142.705903 23
735142.705906 26
735142.705909 31
735142.705912 28
735142.705914 23
735142.705916 23
735142.705919 23
735142.705924 35
735142.70593 20
735142.705938 16
735142.705944 18
735142.70595 32
735142.705957 22
735142.705964 25
735142.70597 29
735142.705974 34
735142.705979 20
735142.705984 31
735142.705988 27
735142.705992 21
735142.705996 26
735142.706001 29
735142.706009 21
735142.706015 16
735142.70602 30
735142.706025 15
735142.706029 17
735142.706034 30
735142.706041 17
735142.706047 19
735142.706052 11
735142.706057 28
735142.706061 30
735142.706065 34
735142.70607 28
735142.706074 34
735142.706078 17
735142.706083 31
735142.706087 25
735142.706091 36
735142.706096 35
735142.7061 33
735142.706105 37
735142.70611 27
735142.706114 42
735142.706117 34
735142.706121 28
735142.706125 29
735142.706131 31
735142.706138 30
735142.706144 27
735142.706152 31
735142.706157 24
735142.706161 27
735142.706166 22
735142.706169 0
735142.706172 12
735142.706176 9
735142.70618 27
735142.706183 18
735142.706191 25
735142.706199 26
735142.706205 16
735142.70621 31
735142.706215 20
735142.706218 19
735142.706222 26
735142.706225 29
735142.706228 23
735142.706231 21
735142.706234 11
735142.706237 23
735142.706241 20
735142.706248 18
735142.706254 10
735142.706259 18
735142.706264 24
735142.70627 18
735142.706276 14
735142.706281 23
735142.706286 21
735142.706292 16
735142.706297 18
735142.706302 22
735142.706307 18
735142.706312 18
735142.706317 24
735142.706323 14
735142.706328 20
735142.706333 23
735142.706337 19
735142.706341 9
735142.706348 11
735142.706355 18
735142.70636 16
735142.706365 10
735142.70637 6
735142.706376 0
735142.706381 12
735142.706385 23
735142.706389 19
735142.706393 10
735142.706397 13
735142.706401 12
735142.706405 8
735142.706409 0
735142.706412 15
735142.706416 23
735142.706421 11
735142.706424 18
735142.706429 19
735142.706435 14
735142.706441 14
735142.706446 12
735142.70645 16
735142.706454 14
735142.706458 8
735142.706462 0
735142.706466 18
735142.70647 10
735142.706474 0
735142.706478 17
735142.706482 14
735142.706487 14
735142.706494 14
735142.7065 18
735142.706507 10
735142.706514 0
735142.706519 11
735142.706524 15
735142.70653 10
735142.706534 17
735142.706539 12
735142.706543 19
735142.706547 15
735142.706551 14
735142.706556 16
735142.706564 19
735142.706569 17
735142.706575 18
735142.70658 19
735142.706585 20
735142.70659 14
735142.706595 25
735142.706601 6
735142.706607 14
735142.706612 14
735142.706616 0
735142.706621 25
735142.706626 6
735142.70663 13
735142.706634 21
735142.706638 22
735142.706642 22
735142.706647 6
735142.706651 19
735142.706655 16
735142.706662 9
735142.706669 15
735142.706679 19
735142.706684 14
735142.706689 11
735142.706694 20
735142.7067 17
735142.706706 26
735142.70671 25
735142.706714 16
735142.706718 16
735142.706721 22
735142.706724 18
735142.706727 21
735142.706729 22
735142.706732 20
735142.706734 18
735142.706737 18
735142.706739 14
735142.706741 21
735142.706744 32
735142.706746 17
735142.706749 25
735142.706751 19
735142.706753 18
735142.706755 24
735142.706758 23
735142.70676 21
735142.706768 9
735142.706774 20
735142.706779 22
735142.706783 23
735142.706787 11
735142.706791 8
735142.706794 9
735142.706798 14
735142.706802 27
735142.706805 19
735142.70681 20
735142.706818 24
735142.706824 28
735142.706829 33
735142.706833 18
735142.706839 11
735142.706843 16
735142.706846 14
735142.70685 19
735142.706854 28
735142.706857 12
735142.706861 20
735142.706865 31
735142.70687 14
735142.706877 7
735142.706884 33
735142.70689 21
735142.706894 25
735142.7069 23
735142.706905 20
735142.706911 6
735142.706915 0
735142.70692 9
735142.706925 17
735142.70693 19
735142.706935 23
735142.70694 21
735142.706946 33
735142.706951 21
735142.706956 14
735142.70696 8
735142.706964 8
735142.706968 0
735142.706975 9
735142.706981 20
735142.706986 0
735142.706991 0
735142.706996 0
735142.707002 12
735142.707006 6
735142.707009 15
735142.707014 0
735142.707019 6
735142.707027 0
735142.707032 0
735142.707037 8
735142.707043 0
735142.707047 8
735142.707051 0
735142.707056 0
735142.70706 0
735142.707064 0
735142.707069 0
735142.707073 0
735142.70708 7
735142.707085 9
735142.70709 11
735142.707095 17
735142.7071 0
735142.707104 0
735142.707109 0
735142.707115 0
735142.707119 0
735142.707124 20
735142.707129 29
735142.707134 9
735142.707141 9
735142.707145 26
735142.70715 36
735142.707155 29
735142.707159 13
735142.707164 16
735142.707168 7
735142.707171 21
735142.707175 0
735142.707181 13
735142.707188 23
735142.707192 30
735142.707197 26
735142.707202 28
735142.707209 17
735142.707214 7
735142.707219 10
735142.707227 46
735142.707234 27
735142.707238 0
735142.707243 0
735142.707247 0
735142.707252 0
735142.707256 0
735142.70726 44
735142.707265 48
735142.707272 42
735142.707279 18
735142.707286 32
735142.707291 51
735142.707297 23
735142.707303 38
735142.707308 30
735142.707313 14
735142.707318 45
735142.707325 30
735142.707332 39
735142.707339 39
735142.707345 27
735142.70735 22
735142.707355 12
735142.707361 15
735142.707366 19
735142.707371 18
735142.707377 34
735142.707383 35
735142.70739 34
735142.707398 0
735142.707403 44
735142.707409 33
735142.707414 38
735142.70742 19
735142.707425 22
735142.707431 12
735142.707436 31
735142.707442 44
735142.707447 21
735142.707452 37
735142.707457 20
735142.70746 25
735142.707465 14
735142.707473 26
735142.70748 16
735142.707487 35
735142.707492 9
735142.707497 10
735142.707503 0
735142.707508 26
735142.707514 11
735142.707519 18
735142.707525 27
735142.70753 30
735142.707535 18
735142.707539 11
735142.707543 37
735142.707548 6
735142.707552 0
735142.707556 20
735142.707561 0
735142.707567 13
735142.707574 31
735142.707582 21
735142.707589 15
735142.707595 10
735142.707603 20
735142.70761 31
735142.707615 19
735142.707621 17
735142.707626 20
735142.707631 16
735142.707639 11
735142.707646 20
735142.707653 30
735142.70766 17
735142.707667 15
735142.707674 18
735142.707679 57
735142.707684 18
735142.70769 31
735142.707695 42
735142.707701 12
735142.707706 45
735142.707712 20
735142.707716 12
735142.707721 31
735142.707726 39
735142.70773 17
735142.707737 12
735142.707744 0
735142.70775 41
735142.707756 24
735142.707761 7
735142.707765 14
735142.70777 20
735142.707776 24
735142.707783 0
735142.70779 0
735142.707797 10
735142.707803 21
735142.707808 22
735142.707814 17
735142.707819 10
735142.707825 11
735142.70783 10
735142.707835 6
735142.70784 29
735142.707844 16
735142.707851 19
735142.707858 10
735142.707863 16
735142.707869 17
735142.707874 0
735142.707879 26
735142.707885 11
735142.70789 6
735142.707895 21
735142.707901 18
735142.707906 19
735142.707912 18
735142.707917 15
735142.707921 17
735142.707927 27
735142.707931 7
735142.707935 20
735142.70794 30
735142.707945 18
735142.707949 40
735142.707955 41
735142.707959 26
735142.707964 19
735142.707973 15
735142.707979 23
735142.707984 19
735142.707988 48
735142.707996 69
735142.708002 44
735142.708007 44
735142.708012 28
735142.708017 28
735142.708022 23
735142.708028 36
735142.708033 28
735142.708038 31
735142.708044 36
735142.708049 48
735142.708055 42
735142.70806 29
735142.708066 36
735142.708072 44
735142.708077 34
735142.708085 66
735142.708093 59
735142.708101 6
735142.708107 0
735142.708112 0
735142.708118 7
735142.708126 35
735142.708133 77
735142.70814 61
735142.708145 70
735142.708151 76
735142.708158 74
735142.708163 57
735142.70817 52
735142.708177 65
735142.708184 39
735142.708189 57
735142.708195 50
735142.708201 63
735142.708208 44
735142.708215 38
735142.708221 25
735142.708226 0
735142.70823 0
735142.708234 0
735142.708237 0
735142.708241 0
735142.708245 0
735142.708249 0
735142.708252 0
735142.708256 0
735142.70826 0
735142.708263 0
735142.708267 0
735142.708271 0
735142.708275 0
735142.708279 0
735142.708283 0
735142.708287 0
735142.708291 0
735142.708298 31
735142.708301 0
735142.708305 0
735142.708309 0
735142.708314 0
735142.708318 24
735142.708323 14
735142.708328 14
735142.708332 18
735142.708339 25
735142.708345 13
735142.708349 11
735142.708354 34
735142.708358 12
735142.708362 0
735142.708367 0
735142.708371 0
735142.708374 8
735142.708378 30
735142.708381 32
735142.708385 0
735142.708391 27
735142.708396 0
735142.708402 31
735142.708408 25
735142.708414 0
735142.708418 0
735142.708422 0
735142.708426 0
735142.70843 26
735142.708436 13
735142.708441 25
735142.708445 0
735142.70845 14
735142.708454 0
735142.708459 27
735142.708463 0
735142.708468 0
735142.708474 24
735142.708479 0
735142.708484 0
735142.708489 0
735142.708493 24
735142.708498 23
735142.708502 28
735142.708505 36
735142.70851 32
735142.708514 0
735142.708519 35
735142.708527 22
735142.708532 0
735142.708535 0
735142.708539 0
735142.708542 41
735142.708545 0
735142.708549 0
735142.708552 0
735142.708556 36
735142.708558 0
735142.708564 32
735142.70857 25
735142.708574 28
735142.708578 0
735142.708583 0
735142.708587 0
735142.708591 0
735142.708595 41
735142.7086 29
735142.708605 42
735142.708612 31
735142.708617 36
735142.708621 0
735142.708626 39
735142.70863 0
735142.708634 0
735142.708639 31
735142.708643 35
735142.708647 0
735142.708653 26
735142.708659 31
735142.708664 18
735142.708671 22
735142.708675 0
735142.708681 0
735142.708686 0
735142.708691 31
735142.708696 29
735142.7087 28
735142.708705 22
735142.70871 24
735142.708715 21
735142.708719 24
735142.708725 0
735142.70873 29
735142.708734 36
735142.708739 0
735142.708744 31
735142.708748 0
735142.708752 40
735142.708757 0
735142.708761 29
735142.708766 38
735142.708772 45
735142.708778 43
735142.708784 39
735142.708789 42
735142.708796 30
735142.708801 33
735142.708806 0
735142.708811 41
735142.708815 39
735142.70882 39
735142.708825 38
735142.70883 38
735142.708835 32
735142.70884 41
735142.708844 38
735142.708849 0
735142.708854 0
735142.708858 37
735142.708863 37
735142.70887 22
735142.708874 35
735142.708879 41
735142.708885 47
735142.708891 29
735142.708897 35
735142.708903 35
735142.708907 0
735142.708911 0
735142.708915 0
735142.708919 29
735142.708924 42
735142.708928 37
735142.708933 36
735142.708938 38
735142.708943 42
735142.708948 44
735142.708952 39
735142.708957 30
735142.708961 37
735142.708967 40
735142.708971 27
735142.708976 36
735142.708982 30
735142.708987 37
735142.708993 39
735142.708999 30
735142.709004 36
735142.709009 32
735142.709015 32
735142.709021 23
735142.709027 38
735142.709033 31
735142.709039 25
735142.709045 37
735142.709049 35
735142.709054 41
735142.709059 42
735142.709064 34
735142.709069 23
735142.709073 0
735142.709078 27
735142.709082 0
735142.709087 0
735142.709092 41
735142.709098 34
735142.709102 0
735142.709107 32
735142.709112 34
735142.709115 34
735142.709119 24
735142.709123 38
735142.709129 23
735142.709135 31
735142.709141 0
735142.709146 40
735142.709151 39
735142.709156 0
735142.70916 0
735142.709165 40
735142.70917 42
735142.709174 30
735142.709179 39
735142.709184 35
735142.709188 43
735142.709193 30
735142.709197 0
735142.709203 33
735142.709207 32
735142.709211 34
735142.709216 31
735142.709221 27
735142.709227 31
735142.709231 40
735142.709237 0
735142.709243 0
735142.709249 39
735142.709256 32
735142.709261 32
735142.709265 42
735142.70927 0
735142.709273 33
735142.709277 36
735142.709282 28
735142.709288 34
735142.709294 0
735142.709301 0
735142.709306 9
735142.709312 21
735142.709318 0
735142.709322 23
735142.709328 0
735142.709334 32
735142.70934 0
735142.709345 0
735142.709349 26
735142.709354 0
735142.709358 30
735142.709363 31
735142.709368 41
735142.709373 34
735142.709377 31
735142.709382 32
735142.709388 25
735142.709392 20
735142.709396 0
735142.709401 27
735142.709405 16
735142.70941 26
735142.709414 0
735142.709418 0
735142.709421 0
735142.709425 0
735142.709429 0
735142.709434 0
735142.709438 0
735142.709442 0
735142.709446 0
735142.709452 0
735142.709459 40
735142.709463 0
735142.709469 28
735142.709475 27
735142.709482 29
735142.709487 0
735142.70949 0
735142.709494 0
735142.709498 0
735142.709502 0
735142.709505 0
735142.709509 0
735142.709515 0
735142.70952 32
735142.709526 36
735142.709531 37
735142.709534 0
735142.709539 0
735142.709544 30
735142.709549 37
735142.709553 25
735142.709558 27
735142.709562 19
735142.709567 0
735142.709572 20
735142.709575 27
735142.709581 30
735142.709587 0
735142.709594 20
735142.7096 27
735142.709605 41
735142.709611 0
735142.709617 6
735142.709622 40
735142.709626 16
735142.709631 19
735142.709636 27
735142.709641 43
735142.709646 19
735142.709651 24
735142.709657 39
735142.709662 33
735142.709667 32
735142.709673 40
735142.709677 30
735142.709682 43
735142.709687 46
735142.709692 28
735142.709698 18
735142.709704 16
735142.709711 31
735142.709716 24
735142.709721 25
735142.709725 11
735142.709731 27
735142.709736 36
735142.709741 29
735142.709746 15
735142.70975 28
735142.709755 32
735142.70976 37
735142.709764 13
735142.709769 16
735142.709774 22
735142.709779 18
735142.709784 26
735142.709788 23
735142.709793 30
735142.709797 15
735142.709802 11
735142.709806 21
735142.709809 14
735142.709813 21
735142.709817 17
735142.709823 18
735142.70983 15
735142.709834 0
735142.709839 24
735142.709844 21
735142.709848 32
735142.709853 12
735142.709858 12
735142.709864 0
735142.70987 19
735142.709875 16
735142.70988 16
735142.709884 15
735142.709889 23
735142.709894 14
735142.709899 39
735142.709904 57
735142.709908 64
735142.709914 81
735142.709918 0
735142.709922 112
735142.709925 0
735142.709929 0
735142.709935 109
735142.709941 0
735142.709945 0
735142.709949 0
735142.709953 0
735142.709957 15
735142.709961 7
735142.709967 19
735142.709971 0
735142.709976 32
735142.709981 0
735142.709987 20
735142.709993 0
735142.709999 10
735142.710003 13
735142.710008 18
735142.710012 0
735142.710017 22
735142.710022 31
735142.710027 6
735142.710032 30
735142.710036 19
735142.710041 35
735142.710046 29
735142.710051 34
735142.710055 21
735142.710059 18
735142.710063 26
735142.710067 10
735142.71007 13
735142.710076 14
735142.710082 27
735142.710087 43
735142.710091 16
735142.710096 35
735142.710101 32
735142.710106 35
735142.710111 27
735142.710117 19
735142.710123 9
735142.710128 0
735142.710132 8
735142.710136 0
735142.71014 0
735142.710144 0
735142.710147 0
735142.710152 0
735142.710156 0
735142.71016 0
735142.710163 0
735142.710168 0
735142.710172 0
735142.710176 0
735142.71018 0
735142.710184 0
735142.710188 0
735142.710191 0
735142.710196 0
735142.7102 0
735142.710204 0
735142.710209 0
735142.710214 23
735142.71022 26
735142.710225 17
735142.710231 25
735142.710238 6
735142.710243 28
735142.710248 32
735142.710253 27
735142.710257 14
735142.710261 19
735142.710265 19
735142.710269 18
735142.710274 10
735142.710281 0
735142.710288 0
735142.710294 12
735142.710299 9
735142.710304 11
735142.710312 9
735142.710318 6
735142.710324 7
735142.71033 10
735142.710337 6
735142.710343 15
735142.710348 6
735142.710354 7
735142.71036 8
735142.710365 6
735142.71037 13
735142.710377 7
735142.710383 12
735142.710388 21
735142.710394 15
735142.710401 12
735142.710408 14
735142.710414 16
735142.710418 8
735142.710423 8
735142.710428 11
735142.710434 11
735142.710441 0
735142.710447 15
735142.710454 12
735142.710461 13
735142.710467 10
735142.710473 16
735142.710478 18
735142.710483 14
735142.710488 15
735142.710492 11
735142.710498 15
735142.710503 16
735142.710508 12
735142.710515 16
735142.710522 12
735142.710529 21
735142.710534 18
735142.710539 18
735142.710546 18
735142.710553 13
735142.710559 9
735142.710563 12
735142.710568 12
735142.710574 11
735142.71058 14
735142.710586 14
735142.710592 12
735142.710597 21
735142.710601 11
735142.710607 17
735142.710612 18
735142.710617 12
735142.710621 23
735142.710625 9
735142.710629 10
735142.710635 25
735142.710642 10
735142.710647 8
735142.710651 9
735142.710657 9
735142.710662 17
735142.710667 16
735142.710673 20
735142.71068 23
735142.710686 24
735142.710691 15
735142.710695 0
735142.7107 21
735142.710707 27
735142.710714 66
735142.710719 95
735142.710726 104
735142.710732 83
735142.710737 74
735142.710742 75
735142.710747 66
735142.710753 65
735142.710757 46
735142.710761 61
735142.710766 53
735142.710773 45
735142.710778 43
735142.710783 41
735142.710789 35
735142.710794 38
735142.710801 33
735142.710807 31
735142.710813 21
735142.71082 17
735142.710827 16
735142.710834 18
735142.710841 25
735142.710848 14
735142.710855 27
735142.710861 25
735142.710867 26
735142.710873 24
735142.710878 17
735142.710883 20
735142.710888 24
735142.710893 24
735142.710899 23
735142.710904 22
735142.710909 23
735142.710916 17
735142.710921 21
735142.710926 20
735142.710931 28
735142.710938 31
735142.710945 55
735142.71095 93
735142.710955 87
735142.710962 95
735142.710969 81
735142.710975 92
735142.710981 92
735142.710988 92
735142.710993 94
735142.710999 115
735142.711006 86
735142.711012 86
735142.711018 93
735142.711023 104
735142.711031 103
735142.711036 81
735142.711041 82
735142.711046 79
735142.711051 78
735142.711115 43
735142.711121 40
735142.711127 50
735142.711132 39
735142.711137 32
735142.711142 27
735142.711147 26
735142.711151 41
735142.711157 43
735142.711165 74
735142.711173 73
735142.711179 75
735142.711186 49
735142.711194 91
735142.7112 42
735142.711207 112
735142.711213 119
735142.711221 118
735142.711227 117
735142.711233 113
735142.71124 84
735142.711246 94
735142.711252 101
735142.711258 95
735142.711264 102
735142.711329 79
735142.711335 77
735142.711341 91
735142.711347 53
735142.711353 35
735142.71136 56
735142.711366 29
735142.711371 48
735142.711377 32
735142.711383 9
735142.711388 29
735142.711394 16
735142.711402 18
735142.711408 10
735142.711413 47
735142.711419 19
735142.711425 6
735142.711431 0
735142.711438 58
735142.711444 47
735142.71145 0
735142.711454 0
735142.711458 0
735142.711462 0
735142.711467 0
735142.711472 0
735142.711478 0
735142.711483 0
735142.71149 54
735142.711498 70
735142.711506 81
735142.711513 92
735142.711521 73
735142.711526 28
735142.711532 20
735142.711537 12
735142.711545 24
735142.711551 20
735142.711558 11
735142.711565 23
735142.711572 27
735142.711578 23
735142.711583 11
735142.711589 32
735142.711593 36
735142.711597 34
735142.711602 29
735142.71161 35
735142.711617 28
735142.711622 24
735142.711628 30
735142.711636 32
735142.711641 30
735142.711648 30
735142.711655 20
735142.711661 37
735142.711666 20
735142.711671 27
735142.711678 42
735142.711683 34
735142.71169 36
735142.711695 21
735142.711701 39
735142.711707 25
735142.711712 40
735142.711717 40
735142.711724 37
735142.711731 31
735142.711738 34
735142.711744 19
735142.711751 34
735142.711756 40
735142.711761 25
735142.711766 24
735142.711772 27
735142.711777 22
735142.711782 33
735142.711788 17
735142.711794 25
735142.7118 31
735142.711805 40
735142.71181 30
735142.711818 28
735142.711823 23
735142.711828 32
735142.711833 16
735142.711838 16
735142.711844 16
735142.711849 16
735142.711854 12
735142.711858 17
735142.711864 29
735142.711869 17
735142.711874 20
735142.711879 13
735142.711886 19
735142.711893 29
735142.711898 23
735142.711904 33
735142.71191 16
735142.711915 15
735142.711919 19
735142.711924 31
735142.711931 32
735142.711937 17
735142.711942 25
735142.711948 8
735142.711954 16
735142.711961 10
735142.711966 30
735142.711972 15
735142.71198 20
735142.711986 31
735142.711993 41
735142.712 34
735142.712006 153
735142.712011 165
735142.712016 143
735142.712024 159
735142.712031 159
735142.712037 90
735142.712043 71
735142.712048 56
735142.712053 44
735142.712059 46
735142.712065 37
735142.712072 41
735142.71208 34
735142.712086 38
735142.712093 31
735142.712098 39
735142.712103 35
735142.712108 34
735142.712114 39
735142.712121 12
735142.712126 37
735142.712131 16
735142.712138 55
735142.712146 38
735142.712153 36
735142.712159 53
735142.712167 56
735142.712172 44
735142.712178 43
735142.712183 61
735142.712188 43
735142.712194 36
735142.712199 32
735142.712204 20
735142.712209 31
735142.712215 32
735142.712221 41
735142.712226 23
735142.712231 26
735142.712237 32
735142.712241 41
735142.712245 54
735142.712252 41
735142.712259 45
735142.712264 53
735142.712269 29
735142.712275 53
735142.71228 57
735142.712286 73
735142.712291 57
735142.712296 57
735142.712301 60
735142.712307 53
735142.712312 52
735142.712317 46
735142.712322 52
735142.712327 40
735142.712333 58
735142.712338 51
735142.712343 58
735142.712351 63
735142.712357 47
735142.712362 59
735142.712367 52
735142.712372 62
735142.712378 44
735142.712383 55
735142.712389 54
735142.712396 41
735142.712403 52
735142.71241 36
735142.712416 36
735142.712423 35
735142.712428 32
735142.712434 29
735142.712441 29
735142.712447 26
735142.712453 31
735142.712458 29
735142.712463 40
735142.712469 33
735142.712474 31
735142.712479 33
735142.712485 30
735142.712492 24
735142.712497 56
735142.712502 30
735142.712508 30
735142.712513 48
735142.712518 26
735142.712524 55
735142.712529 50
735142.712535 23
735142.712542 27
735142.712549 47
735142.712556 29
735142.712563 22
735142.712568 48
735142.712574 45
735142.71258 51
735142.712586 48
735142.712591 53
735142.712596 54
735142.712601 43
735142.712607 25
735142.712612 64
735142.712617 38
735142.712623 49
735142.712628 49
735142.712633 54
735142.712637 42
735142.712642 49
735142.712647 36
735142.712654 43
735142.71266 40
735142.712667 20
735142.712673 15
735142.71268 30
735142.712685 44
735142.712692 38
735142.712698 38
735142.712703 21
735142.712707 41
735142.712711 17
735142.712717 35
735142.712724 59
735142.71273 53
735142.712737 59
735142.712742 40
735142.712748 44
735142.712753 32
735142.712757 54
735142.712761 44
735142.712766 43
735142.712771 42
735142.712779 36
735142.712786 25
735142.712794 41
735142.712799 37
735142.712804 39
735142.712811 40
735142.712819 40
735142.712826 26
735142.712831 49
735142.712837 34
735142.712842 34
735142.712846 28
735142.71285 30
735142.712855 26
735142.712859 30
735142.712864 31
735142.712868 37
735142.712871 29
735142.712875 27
735142.712878 18
735142.712882 28
735142.712885 51
735142.712889 24
735142.712892 42
735142.712895 47
735142.712897 36
735142.712905 47
735142.712912 32
735142.712916 29
735142.712922 41
735142.712927 56
735142.712932 32
735142.712937 28
735142.712942 32
735142.712948 26
735142.712952 24
735142.712956 50
735142.712962 34
735142.712968 26
735142.712973 24
735142.712979 11
735142.712983 33
735142.712987 32
735142.712993 43
735142.712997 43
735142.713001 60
735142.713005 30
735142.713009 28
735142.713012 34
735142.713016 31
735142.71302 50
735142.713026 50
735142.713029 50
735142.713033 36
735142.713036 32
735142.71304 29
735142.713043 45
735142.713047 39
735142.713049 22
735142.713056 29
735142.713062 24
735142.713069 31
735142.713076 29
735142.71308 31
735142.713084 45
735142.713089 33
735142.713093 30
735142.713097 58
735142.7131 33
735142.713104 49
735142.713107 21
735142.71311 24
735142.713113 27
735142.713116 27
735142.713119 15
735142.713122 42
735142.713125 20
735142.713131 42
735142.713139 40
735142.713145 28
735142.713149 28
735142.713154 31
735142.713159 24
735142.713164 35
735142.713169 30
735142.713173 34
735142.713177 35
735142.713184 30
735142.713191 16
735142.713196 30
735142.713202 24
735142.713207 27
735142.713214 29
735142.713218 22
735142.713222 17
735142.713227 32
735142.713231 20
735142.713235 18
735142.713241 41
735142.713247 48
735142.713255 19
735142.713261 31
735142.713265 30
735142.713272 21
735142.71328 42
735142.713286 30
735142.713291 26
735142.713296 44
735142.713301 53
735142.713305 53
735142.71331 45
735142.713315 28
735142.713321 31
735142.71333 45
735142.713336 50
735142.713341 46
735142.713347 36
735142.713355 54
735142.713361 48
735142.713368 38
735142.713374 27
735142.713379 26
735142.713385 33
735142.713389 31
735142.713394 32
735142.713398 45
735142.713403 48
735142.713409 27
735142.713416 28
735142.713424 33
735142.713429 67
735142.713434 60
735142.713439 66
735142.713445 36
735142.71345 52
735142.713455 58
735142.71346 54
735142.713467 47
735142.713472 47
735142.71348 30
735142.713486 50
735142.713492 56
735142.713498 55
735142.713503 52
735142.713509 51
735142.713514 55
735142.71352 32
735142.713526 39
735142.713531 39
735142.713537 53
735142.713542 37
735142.713548 55
735142.713556 42
735142.713561 63
735142.713567 53
735142.713572 42
735142.713579 45
735142.713585 60
735142.71359 42
735142.713596 52
735142.713601 54
735142.713606 30
735142.713612 33
735142.713618 17
735142.713625 66
735142.713633 43
735142.71364 40
735142.713647 38
735142.713655 51
735142.71366 39
735142.713665 57
735142.713672 69
735142.713677 50
735142.713681 39
735142.713686 36
735142.713692 45
735142.713698 29
735142.713703 0
735142.713706 0
735142.71371 0
735142.713715 28
735142.713721 29
735142.713726 40
735142.713731 58
735142.713736 57
735142.713742 50
735142.713747 29
735142.713752 43
735142.713757 42
735142.713762 35
735142.713768 15
735142.713773 37
735142.71378 31
735142.713785 55
735142.713795 36
735142.713799 14
735142.713803 13
735142.713811 26
735142.713816 33
735142.713821 16
735142.713826 33
735142.713831 31
735142.713838 41
735142.713842 25
735142.713848 17
735142.713855 17
735142.713861 15
735142.713866 24
735142.713871 12
735142.713876 27
735142.713882 23
735142.713887 24
735142.713892 37
735142.713899 29
735142.713906 11
735142.713913 19
735142.71392 30
735142.713928 38
735142.713933 59
735142.713938 40
735142.713943 49
735142.713949 43
735142.713954 46
735142.71396 33
735142.713967 50
735142.713974 31
735142.71398 37
735142.713985 39
735142.713991 15
735142.713996 30
735142.714002 39
735142.714006 55
735142.714011 34
735142.714018 48
735142.714025 28
735142.71403 42
735142.714035 36
735142.714041 40
735142.714046 40
735142.714051 11
735142.714058 48
735142.714063 35
735142.714069 30
735142.714074 37
735142.71408 23
735142.714086 26
735142.714091 27
735142.714095 25
735142.714102 25
735142.714109 45
735142.714115 24
735142.714119 20
735142.714124 10
735142.714128 30
735142.714132 35
735142.714137 25
735142.714141 22
735142.714145 21
735142.71415 26
735142.714157 26
735142.714163 24
735142.714168 35
735142.714173 33
735142.714179 31
735142.714186 40
735142.714191 24
735142.714196 23
735142.714201 49
735142.714207 24
735142.714212 23
735142.714217 14
735142.714221 31
735142.714229 23
735142.714234 28
735142.714239 27
735142.714245 14
735142.714249 26
735142.714253 34
735142.714258 26
735142.714262 9
735142.714266 22
735142.71427 47
735142.714274 31
735142.714279 29
735142.714284 34
735142.714291 15
735142.714298 21
735142.714304 38
735142.714309 34
735142.714314 12
735142.71432 29
735142.714325 26
735142.714332 41
735142.714338 21
735142.714344 28
735142.714348 26
735142.714355 11
735142.714362 40
735142.714369 22
735142.714376 31
735142.714383 32
735142.71439 18
735142.714395 21
735142.7144 23
735142.714405 28
735142.71441 27
735142.714416 14
735142.714421 17
735142.714427 18
735142.714434 26
735142.714442 45
735142.714449 28
735142.714456 18
735142.714463 28
735142.714468 30
735142.714473 16
735142.714479 34
735142.714484 37
735142.714489 38
735142.714494 25
735142.7145 25
735142.714505 29
735142.71451 20
735142.714515 19
735142.71452 40
735142.714524 21
735142.714531 26
735142.714537 22
735142.714542 35
735142.714547 36
735142.714552 45
735142.714558 15
735142.714563 25
735142.714567 41
735142.714571 16
735142.714576 22
735142.71458 25
735142.714586 24
735142.714593 38
735142.714598 21
735142.714604 21
735142.714609 39
735142.714614 16
735142.714619 19
735142.714625 31
735142.71463 14
735142.714635 19
735142.714641 40
735142.714646 27
735142.714651 39
735142.714656 17
735142.714662 31
735142.714667 37
735142.714672 30
735142.714678 46
735142.714683 18
735142.714689 27
735142.714694 20
735142.714699 19
735142.714704 16
735142.714709 21
735142.714715 29
735142.714721 36
735142.714725 21
735142.714731 31
735142.714735 27
735142.714739 34
735142.714744 21
735142.714749 43
735142.714755 36
735142.714762 23
735142.714767 18
735142.714773 23
735142.714777 9
735142.714782 23
735142.714788 16
735142.714792 40
735142.714799 30
735142.714805 44
735142.714811 39
735142.714817 33
735142.714822 24
735142.714827 28
735142.714835 38
735142.71484 32
735142.714845 41
735142.71485 49
735142.714856 18
735142.714862 32
735142.714868 28
735142.714878 33
735142.714884 39
735142.714889 39
735142.714893 28
735142.714899 33
735142.714906 37
735142.714911 46
735142.714916 34
735142.714922 34
735142.714928 37
735142.714933 27
735142.714938 21
735142.714943 8
735142.714949 8
735142.714954 7
735142.714959 18
735142.714964 7
735142.71497 11
735142.714977 10
735142.714982 22
735142.714987 18
735142.714993 23
735142.714998 19
735142.715003 23
735142.71501 22
735142.715017 32
735142.715023 27
735142.715028 27
735142.715035 25
735142.71504 9
735142.715045 8
735142.71505 27
735142.715055 34
735142.71506 15
735142.715066 21
735142.715072 24
735142.715079 34
735142.715084 24
735142.715089 11
735142.715095 11
735142.7151 29
735142.715105 16
735142.71511 11
735142.715115 26
735142.715121 28
735142.715126 17
735142.715131 19
735142.715137 21
735142.715142 24
735142.715147 27
735142.715152 15
735142.715158 23
735142.715163 7
735142.715168 21
735142.715173 30
735142.715179 27
735142.715183 26
735142.715187 15
735142.715192 0
735142.715195 0
735142.715199 13
735142.715204 15
735142.715208 26
735142.715215 11
735142.715221 19
735142.715227 15
735142.715232 24
735142.715238 45
735142.715243 25
735142.715248 19
735142.715253 14
735142.715257 36
735142.715263 17
735142.71527 29
735142.715276 14
735142.715281 20
735142.715288 42
735142.715295 14
735142.7153 29
735142.715305 16
735142.71531 16
735142.715315 28
735142.715322 11
735142.715326 10
735142.71533 17
735142.715334 21
735142.715338 13
735142.715346 23
735142.715351 41
735142.715356 24
735142.715362 22
735142.715366 14
735142.71537 16
735142.715374 15
735142.715379 28
735142.715383 33
735142.71539 28
735142.715395 12
735142.7154 25
735142.715406 10
735142.715412 13
735142.715417 28
735142.715422 17
735142.715427 12
735142.715432 0
735142.715438 13
735142.715443 22
735142.715448 37
735142.715453 10
735142.715458 16
735142.715464 26
735142.71547 23
735142.715478 28
735142.715484 60
735142.715488 28
735142.715492 6
735142.715497 19
735142.715501 19
735142.715509 20
735142.715514 9
735142.71552 16
735142.715528 15
735142.715536 16
735142.715541 12
735142.715546 25
735142.715552 21
735142.715557 13
735142.715562 0
735142.71557 22
735142.715578 21
735142.715583 23
735142.715588 16
735142.715594 36
735142.715599 20
735142.715604 17
735142.71561 17
735142.715615 39
735142.71562 28
735142.715625 13
735142.715629 24
735142.715636 23
735142.715642 31
735142.715648 27
735142.715653 28
735142.715659 33
735142.715664 30
735142.715669 43
735142.715673 14
735142.715677 17
735142.715682 21
735142.715686 37
735142.715691 25
735142.715696 20
735142.7157 23
735142.715704 34
735142.715709 28
735142.715713 24
735142.715717 25
735142.715722 34
735142.715728 23
735142.715736 43
735142.715741 27
735142.715747 42
735142.715751 43
735142.715757 49
735142.715764 48
735142.71577 54
735142.715776 68
735142.715783 108
735142.715788 115
735142.715793 77
735142.715798 80
735142.715804 67
735142.715809 55
735142.715815 36
735142.71582 38
735142.715825 46
735142.71583 42
735142.715836 67
735142.715841 45
735142.715846 37
735142.715852 9
735142.715856 0
735142.71586 23
735142.715864 0
735142.715868 11
735142.715874 10
735142.715881 11
735142.715889 26
735142.715896 26
735142.715902 38
735142.715907 32
735142.715913 32
735142.715918 31
735142.715923 62
735142.715927 27
735142.715934 59
735142.71594 36
735142.715947 55
735142.715953 46
735142.715958 33
735142.715965 20
735142.715972 52
735142.715979 44
735142.715984 48
735142.71599 47
735142.715995 38
735142.716002 40
735142.716009 29
735142.716016 37
735142.716023 55
735142.716029 75
735142.716034 70
735142.71604 76
735142.716045 79
735142.716051 72
735142.716057 73
735142.716065 57
735142.716072 71
735142.716079 74
735142.716087 51
735142.716093 59
735142.716098 49
735142.716103 49
735142.716109 52
735142.716113 48
735142.71612 54
735142.716128 47
735142.716134 45
735142.716139 34
735142.716145 35
735142.716151 10
735142.716156 44
735142.716162 25
735142.716167 38
735142.716172 32
735142.716177 45
735142.716181 42
735142.716185 29
735142.716191 35
735142.716198 32
735142.716206 44
735142.716211 40
735142.716216 46
735142.71622 41
735142.716225 38
735142.71623 34
735142.716237 31
735142.716244 15
735142.716251 32
735142.716257 30
735142.716264 20
735142.716269 22
735142.716274 37
735142.716279 39
735142.716283 36
735142.71629 43
735142.716296 27
735142.716301 30
735142.716306 32
735142.716311 24
735142.716316 26
735142.716322 26
735142.716326 42
735142.716331 29
735142.716337 37
735142.716342 36
735142.716347 14
735142.716352 31
735142.716357 38
735142.716363 32
735142.716368 34
735142.716373 32
735142.716379 31
735142.716386 34
735142.716392 27
735142.716399 32
735142.716406 32
735142.716411 36
735142.716416 37
735142.716422 36
735142.716427 21
735142.716432 24
735142.716437 37
735142.716442 43
735142.716447 46
735142.716453 32
735142.716458 25
735142.716463 39
735142.716468 41
735142.716475 35
735142.716481 42
735142.716486 37
735142.716491 21
735142.716497 33
735142.716505 22
735142.716511 30
735142.716518 41
735142.716525 24
735142.716532 23
735142.716538 37
735142.716545 35
735142.716551 28
735142.716556 34
735142.716561 34
735142.716566 8
735142.716571 45
735142.716577 25
735142.716582 21
735142.716589 26
735142.716595 20
735142.7166 23
735142.716605 32
735142.71661 30
735142.716615 23
735142.716621 17
735142.716626 15
735142.716631 26
735142.716636 41
735142.716641 32
735142.716647 28
735142.716652 18
735142.716657 33
735142.716663 34
735142.716668 31
735142.716673 24
735142.716678 28
735142.716686 15
735142.716693 30
735142.716698 31
735142.716704 41
735142.716711 30
735142.716718 23
735142.716722 0
735142.716726 0
735142.716733 27
735142.716738 29
735142.716743 50
735142.71675 33
735142.716758 35
735142.716764 35
735142.716769 32
735142.716777 35
735142.716782 24
735142.716787 38
735142.716793 15
735142.716798 28
735142.716804 34
735142.716808 34
735142.716812 37
735142.716818 43
735142.716825 43
735142.716832 17
735142.716839 23
735142.716846 42
735142.716851 28
735142.716857 35
735142.716863 34
735142.716867 48
735142.716872 52
735142.716876 48
735142.71688 49
735142.716885 51
735142.716892 55
735142.716898 39
735142.716903 48
735142.716908 56
735142.716913 50
735142.716919 61
735142.716925 54
735142.716931 46
735142.716936 29
735142.716942 16
735142.716947 20
735142.716952 33
735142.716958 37
735142.716964 31
735142.716971 60
735142.716978 41
735142.716985 34
735142.716991 50
735142.716996 59
735142.717001 20
735142.717006 27
735142.717011 31
735142.717016 51
735142.71702 59
735142.717027 44
735142.717034 42
735142.71704 56
735142.717047 37
735142.717054 37
735142.717061 43
735142.717066 34
735142.717071 52
735142.717076 58
735142.717083 52
735142.717089 50
735142.717096 54
735142.717103 52
735142.717109 40
735142.717116 58
735142.717121 49
735142.717126 61
735142.717133 42
735142.71714 57
735142.717146 53
735142.717153 50
735142.71716 52
735142.717166 33
735142.717173 67
735142.71718 51
735142.717187 53
735142.717192 52
735142.717197 64
735142.717204 43
735142.717211 59
735142.717218 69
735142.717224 30
735142.71723 58
735142.717235 47
735142.71724 51
735142.717245 32
735142.717251 61
735142.717258 52
735142.717264 68
735142.717271 51
735142.717278 47
735142.717285 52
735142.717291 55
735142.717298 66
735142.717305 36
735142.717311 104
735142.717318 123
735142.717323 121
735142.717329 101
735142.717334 90
735142.717339 70
735142.717344 74
735142.717349 72
735142.717355 45
735142.71736 46
735142.717365 40
735142.71737 38
735142.717375 62
735142.71738 54
735142.717385 32
735142.71739 49
735142.717396 39
735142.717401 52
735142.717407 48
735142.717411 62
735142.717415 56
735142.717422 56
735142.717428 56
735142.717435 65
735142.71744 54
735142.717446 55
735142.71745 66
735142.717455 72
735142.717459 60
735142.717462 59
735142.717468 56
735142.717472 62
735142.717475 52
735142.717478 54
735142.717481 41
735142.717483 54
735142.717486 65
735142.717488 66
735142.717491 57
735142.717494 61
735142.717497 53
735142.717499 62
735142.717501 42
735142.717507 52
735142.717513 64
735142.71752 67
735142.717527 37
735142.717534 41
735142.717541 32
735142.717547 24
735142.717552 32
735142.717556 26
735142.717561 25
735142.717566 22
735142.717572 29
735142.717579 38
735142.717585 26
735142.717592 13
735142.717597 21
735142.717604 28
735142.717612 35
735142.717618 45
735142.717622 20
735142.717626 27
735142.717631 50
735142.717636 57
735142.71764 32
735142.717645 56
735142.717649 57
735142.717654 47
735142.717658 52
735142.717663 58
735142.717667 38
735142.717672 44
735142.717678 49
735142.717686 44
735142.717691 50
735142.717697 35
735142.717702 40
735142.717707 36
735142.717713 48
735142.717718 138
735142.717723 152
735142.717729 155
735142.717735 132
735142.717742 108
735142.717748 121
735142.717755 83
735142.717762 62
735142.717769 78
735142.717776 77
735142.717783 61
735142.71779 85
735142.717796 88
735142.717802 82
735142.717808 74
735142.717815 86
735142.717822 67
