735322.743057 2587.5
735322.743061 2957.14285714
735322.743065 527.174603175
735322.743068 336.603174603
735322.743072 375.301587302
735322.743075 465.935483871
735322.743079 666.258064516
735322.743082 597.26984127
735322.743086 3452.92063492
735322.74309 3283.80645161
735322.743093 124.126984127
735322.743097 131.428571429
735322.7431 833.75
735322.743104 1685.93650794
735322.743107 1438.41269841
735322.743111 627.46875
735322.743115 844.063492063
735322.743118 472.21875
735322.743122 369.4375
735322.743125 122.1875
735322.743129 552.71875
735322.743132 434.84375
735322.743136 158.84375
735322.74314 287.5
735322.743143 760.4375
735322.743147 659.569230769
735322.74315 934.375
735322.743154 122.1875
735322.743157 26.2857142857
735322.743161 0
735322.743165 0
735322.743168 0
735322.743172 0
735322.743175 0
735322.743179 0
735322.743182 26.7096774194
735322.743186 0
735322.74319 26.2857142857
735322.743193 0
735322.743197 0
735322.7432 0
735322.743204 0
735322.743208 35.7777777778
735322.743211 0
735322.743215 0
735322.743218 0
735322.743222 0
735322.743225 0
735322.743229 0
735322.743232 48.262295082
735322.743236 0
735322.743239 0
735322.743243 0
735322.743247 0
735322.74325 26.2857142857
735322.743254 137.258064516
735322.743257 0
735322.743261 0
735322.743264 0
735322.743268 0
735322.743272 0
735322.743275 0
735322.743279 35.7777777778
735322.743282 0
735322.743286 0
735322.743289 143.111111111
735322.743293 57.3230769231
735322.743297 138.707692308
735322.7433 82.8
735322.743304 73.0158730159
735322.743307 587.9375
735322.743311 438.4375
735322.743314 265.21875
735322.743318 316.96875
735322.743322 486.285714286
735322.743325 359.838709677
735322.743329 323.4375
735322.743332 469.34375
735322.743336 193.34375
735322.743339 1178.75
735322.743343 143.75
735322.743347 167.46875
735322.74335 111.107692308
735322.743354 120.307692308
735322.743357 230.0
735322.743361 71.5555555556
735322.743364 58.21875
735322.743368 0
735322.743372 82.5079365079
735322.743375 62.0634920635
735322.743379 46.7301587302
735322.743382 123.396825397
735322.743386 515.492063492
735322.743389 93.4375
735322.743393 105.873015873
735322.743397 73.0158730159
735322.7434 83.8387096774
735322.743404 94.9206349206
735322.743407 230.0
735322.743411 71.875
735322.743414 122.1875
735322.743418 108.793650794
735322.743422 0
735322.743425 0
735322.743429 52.5714285714
735322.743432 295.714285714
735322.743436 451.375
735322.74344 251.938461538
735322.743443 488.75
735322.743447 445.396825397
735322.74345 132.158730159
735322.743454 192.903225806
735322.743457 132.158730159
735322.743461 59.1428571429
735322.743464 110.548387097
735322.743468 149.870967742
735322.743471 135.737704918
735322.743475 1657.4375
735322.743479 1163.35483871
735322.743482 159.174603175
735322.743486 170.126984127
735322.743489 264.129032258
735322.743493 1426.71875
735322.743497 1668.41269841
735322.7435 466.677419355
735322.743504 540.317460317
735322.743507 213.677419355
735322.743511 582.419354839
735322.743514 680.507936508
735322.743518 420.032786885
735322.743521 445.396825397
735322.743525 544.698412698
735322.743529 882.161290323
735322.743532 1483.87096774
735322.743536 1337.65079365
735322.743539 1374.15873016
735322.743543 953.587301587
735322.743546 1772.48387097
735322.74355 4773.21875
735322.743554 5135.93650794
735322.743557 3830.9375
735322.743561 4011.34375
735322.743564 4090.34920635
735322.743568 1939.07692308
735322.743571 4612.9375
735322.743575 3882.6875
735322.743579 3188.15384615
735322.743582 4189.53846154
735322.743586 1527.34375
735322.743589 1496.82539683
735322.743593 936.063492063
735322.743596 1496.82539683
735322.7436 1812.6875
735322.743604 1688.34375
735322.743607 2698.1875
735322.743611 4002.71875
735322.743614 2639.96875
735322.743618 2170.16129032
735322.743621 1441.09375
735322.743625 2357.68253968
735322.743628 1337.65079365
735322.743632 1181.3968254
735322.743636 1294.78688525
735322.743639 1100.98360656
735322.743643 1043.67213115
735322.743646 1370.95081967
735322.74365 1395.08196721
735322.743653 1452.28571429
735322.743657 2416.13114754
735322.743661 1980.22580645
735322.743664 2051.01587302
735322.743668 1427.48387097
735322.743672 2223.33333333
735322.743675 1581.80645161
735322.743679 1869.93650794
735322.743682 1346.41269841
735322.743686 1261.29032258
735322.743689 3248.75
735322.743693 92.0
735322.743696 760.825396825
735322.7437 844.063492063
735322.743703 927.419354839
735322.743707 1235.32258065
