735322.743057 0.0
735322.743061 105.633832613
735322.743065 69.2840697008
735322.743068 51.1509012955
735322.743072 80.6451658387
735322.743075 67.1892492178
735322.743079 57.2246097558
735322.743082 74.7818841506
735322.743086 66.1035610436
735322.74309 59.6223904657
735322.743093 54.0216083651
735322.743097 65.8436217437
735322.7431 60.6980273727
735322.743104 56.430754483
735322.743107 52.5854526111
735322.743111 73.8461538462
735322.743115 57.9598158742
735322.743118 76.5445600284
735322.743122 51.7419812527
735322.743125 78.5340315607
735322.743129 74.8596388687
735322.743132 80.333235547
735322.743136 76.802731868
735322.74314 81.699347933
735322.743143 78.5134785586
735322.743147 75.3768840609
735322.74315 79.7872333251
735322.743154 76.941011275
735322.743157 81.0536990148
735322.743161 78.3460278038
735322.743165 82.079343184
735322.743168 79.6162096016
735322.743172 77.1895099978
735322.743175 80.5987339795
735322.743179 78.2487199076
735322.743182 81.580855213
735322.743186 95.1458015404
735322.74319 82.3186421598
735322.743193 95.2540112113
735322.743197 83.1295844813
735322.7432 95.3819262531
735322.743204 65.1415278203
735322.743208 95.3101359511
735322.743211 66.6222515217
735322.743215 65.1512962996
735322.743218 63.7032841636
735322.743222 66.5511267365
735322.743225 65.1289009077
735322.743229 63.8043333615
735322.743232 66.436527385
735322.743236 65.1382594813
735322.743239 63.8617585418
735322.743243 66.33499212
735322.743247 65.1269374421
735322.74325 67.4476395305
735322.743254 66.2521066347
735322.743257 65.0833522431
735322.743261 67.3627488112
735322.743264 66.1776874657
735322.743268 65.0865106927
735322.743272 67.1928332839
735322.743275 66.141732449
735322.743279 68.1466188848
735322.743282 67.093626021
735322.743286 66.0495374996
735322.743289 68.0070962073
735322.743293 66.9902915723
735322.743297 66.0066004553
735322.7433 67.9053102944
735322.743304 66.8896324863
735322.743307 65.9491640707
735322.743311 67.7506779153
735322.743314 66.8508780828
735322.743318 68.553348441
735322.743322 67.6261492472
735322.743325 66.729403653
735322.743329 68.3775116495
735322.743332 67.4915634956
735322.743336 66.6666667975
735322.743339 68.3010126417
735322.743343 67.4184359743
735322.743347 68.9491201376
735322.74335 68.1471037685
735322.743354 67.3661388461
735322.743357 68.8336523842
735322.743361 68.0400682363
735322.743364 67.2469833262
735322.743368 68.6929869144
735322.743372 67.9030374825
735322.743375 67.1722642166
735322.743379 68.5616341784
735322.743382 67.8133720361
735322.743386 69.1944783973
735322.743389 68.4599960134
735322.743393 67.7432600602
735322.743397 69.0495534183
735322.7434 68.3417087611
735322.743404 67.6459858611
735322.743407 68.9112030445
735322.743411 68.2239045806
735322.743414 67.5653939723
735322.743418 68.805147891
735322.743422 68.1259070881
735322.743425 69.333832921
735322.743429 68.6987465904
735322.743432 68.0731019496
735322.743436 69.2272659469
735322.74344 68.5363874935
735322.743443 69.7508051104
735322.743447 69.1101332656
735322.74345 68.4711047042
735322.743454 69.6217222122
735322.743457 68.9952568788
735322.743461 68.3877588588
735322.743464 69.4954517167
735322.743468 68.8959841553
735322.743471 69.9825042516
735322.743475 69.3641619954
735322.743479 68.794190634
735322.743482 69.8486611655
735322.743486 69.2543083579
735322.743489 68.6846099217
735322.743493 69.7250615601
735322.743497 69.1533950207
735322.7435 68.5981553124
735322.743504 69.593009892
735322.743507 69.0625399162
735322.743511 70.0329868228
735322.743514 69.4776590718
735322.743518 68.9569021827
735322.743521 69.9196667361
735322.743525 69.3778137338
735322.743529 68.8627872752
735322.743532 69.8147971037
735322.743536 69.2907325458
735322.743539 57.3093270643
735322.743543 69.6814563451
735322.743546 69.199265541
735322.74355 70.0950956392
735322.743554 69.5619915618
735322.743557 69.084628746
735322.743561 68.8247035013
735322.743564 68.8373372302
735322.743568 68.8468157594
735322.743571 68.8231247054
735322.743575 68.8499759748
735322.743579 57.8193834294
735322.743582 57.8313252379
735322.743586 68.8673614045
735322.743589 57.8485835798
735322.743593 57.8074462356
735322.743596 68.8452359488
735322.7436 57.8246903261
735322.743604 57.8392893954
735322.743607 68.8468157594
735322.743611 57.8313252379
735322.743614 57.829998197
735322.743618 57.8193831132
735322.743621 57.8273439816
735322.743625 57.7994908444
735322.743628 57.8353070425
735322.743632 57.8260171234
735322.743636 68.8325989442
735322.743639 57.8273439816
735322.743643 57.8220365978
735322.743646 68.8404965755
735322.74365 57.8286709007
735322.743653 57.8233632734
735322.743657 68.8389170549
735322.743661 57.8299978806
735322.743664 57.8074462356
735322.743668 57.8392893954
735322.743672 57.8061202904
735322.743675 57.8180569365
735322.743679 57.8061202904
735322.743682 57.8233632734
735322.743686 57.8326523397
735322.743689 57.8127506249
735322.743693 57.8220365978
735322.743696 57.8180566203
735322.7437 57.829998197
735322.743703 57.8154038171
735322.743707 57.8366346435
