735322.743057 5811.76757812
735322.743061 5527.51020408
735322.743065 6654.55076846
735322.743068 6654.55076846
735322.743072 6487.14739229
735322.743075 6359.00936524
735322.743079 6698.09781478
735322.743082 5997.7324263
735322.743086 6158.73822121
735322.74309 6359.00936524
735322.743093 5076.48072562
735322.743097 6321.87654321
735322.7431 5967.78125
735322.743104 5997.7324263
735322.743107 5997.7324263
735322.743111 6448.22070312
735322.743115 6654.55076846
735322.743118 6448.22070312
735322.743122 5967.78125
735322.743125 6778.84570312
735322.743129 0
735322.743132 0
735322.743136 0
735322.74314 0
735322.743143 4777.53125
735322.743147 7067.6904142
735322.74315 6778.84570312
735322.743154 7464.89257812
735322.743157 7523.55555556
735322.743161 8636.73469388
735322.743165 8555.95507812
735322.743168 8257.14487276
735322.743172 8332.98855359
735322.743175 9421.50466112
735322.743179 8917.58584807
735322.743182 8525.65244537
735322.743186 8636.73469388
735322.74319 9222.11337868
735322.743193 9623.02847065
735322.743197 8636.73469388
735322.7432 8829.72839506
735322.743204 8445.87351978
735322.743208 8445.87351978
735322.743211 8636.73469388
735322.743215 8555.95507812
735322.743218 8070.54875283
735322.743222 8829.72839506
735322.743225 9024.85462333
735322.743229 8829.72839506
735322.743232 8807.47325988
735322.743236 8525.65244537
735322.743239 8829.72839506
735322.743243 8525.65244537
735322.743247 8636.73469388
735322.74325 9024.85462333
735322.743254 8332.98855359
735322.743257 9421.50466112
735322.743261 8525.65244537
735322.743264 8525.65244537
735322.743268 8445.87351978
735322.743272 8332.98855359
735322.743275 8829.72839506
735322.743279 7703.75409423
735322.743282 8070.54875283
735322.743286 8070.54875283
735322.743289 7703.75409423
735322.743293 7236.9704142
735322.743297 6251.34011834
735322.7433 10833.92
735322.743304 5076.48072562
735322.743307 5208.37695312
735322.743311 5356.125
735322.743314 0
735322.743318 5811.76757812
735322.743322 5682.11841774
735322.743325 6028.72840791
735322.743329 5062.6953125
735322.743332 5811.76757812
735322.743336 5811.76757812
735322.743339 5811.76757812
735322.743343 5208.37695312
735322.743347 5356.125
735322.74335 6251.34011834
735322.743354 6571.87029586
735322.743357 7408.25372781
735322.743361 7523.55555556
735322.743364 8001.125
735322.743368 8001.125
735322.743372 8070.54875283
735322.743375 8070.54875283
735322.743379 8257.14487276
735322.743382 8829.72839506
735322.743386 8636.73469388
735322.743389 8368.9453125
735322.743393 8070.54875283
735322.743397 8636.73469388
735322.7434 8332.98855359
735322.743404 8257.14487276
735322.743407 7464.89257812
735322.743411 7820.31445312
735322.743414 7820.31445312
735322.743418 8257.14487276
735322.743422 8445.87351978
735322.743425 7703.75409423
735322.743429 8257.14487276
735322.743432 8070.54875283
735322.743436 6947.2578125
735322.74344 7581.54035503
735322.743443 6778.84570312
735322.743447 6654.55076846
735322.74345 6654.55076846
735322.743454 6527.45265349
735322.743457 5527.51020408
735322.743461 5527.51020408
735322.743464 6028.72840791
735322.743468 5866.89073881
735322.743471 6397.47379737
735322.743475 4919.08007812
735322.743479 5549.82101977
735322.743482 5527.51020408
735322.743486 5527.51020408
735322.743489 5866.89073881
735322.743493 5967.78125
735322.743497 6487.14739229
735322.7435 6698.09781478
735322.743504 6995.75510204
735322.743507 7402.69719043
735322.743511 7402.69719043
735322.743514 7169.55605946
735322.743518 7462.01343725
735322.743521 8257.14487276
735322.743525 8070.54875283
735322.743529 7768.20811655
735322.743532 7402.69719043
735322.743536 8070.54875283
735322.743539 8257.14487276
735322.743543 8257.14487276
735322.743546 7954.26638918
735322.74355 7820.31445312
735322.743554 7886.08515999
735322.743557 7290.28125
735322.743561 7641.5703125
735322.743564 8636.73469388
735322.743568 7934.1235503
735322.743571 7464.89257812
735322.743575 8001.125
735322.743579 7756.83029586
735322.743582 7756.83029586
735322.743586 7641.5703125
735322.743589 8070.54875283
735322.743593 8829.72839506
735322.743596 8070.54875283
735322.7436 9129.3828125
735322.743604 8001.125
735322.743607 8368.9453125
735322.743611 7464.89257812
735322.743614 7464.89257812
735322.743618 7402.69719043
735322.743621 6947.2578125
735322.743625 8070.54875283
735322.743628 7703.75409423
735322.743632 7703.75409423
735322.743636 7647.39801129
735322.743639 7647.39801129
735322.743643 8024.99113142
735322.743646 7647.39801129
735322.74365 7647.39801129
735322.743653 6995.75510204
735322.743657 8024.99113142
735322.743661 7402.69719043
735322.743664 7523.55555556
735322.743668 7402.69719043
735322.743672 7336.64222222
735322.743675 7402.69719043
735322.743679 7523.55555556
735322.743682 7169.55605946
735322.743686 7223.24453694
735322.743689 7464.89257812
735322.743693 7641.5703125
735322.743696 7523.55555556
735322.7437 6824.08667171
735322.743703 6870.94484912
735322.743707 6870.94484912
