735142.692597 0
735142.692601 0
735142.692606 0
735142.692611 6
735142.692617 0
735142.692623 0
735142.692629 0
735142.692635 20
735142.692641 13
735142.692646 11
735142.692654 20
735142.692659 0
735142.692666 10
735142.692672 8
735142.692678 19
735142.692684 7
735142.692691 30
735142.692697 30
735142.692703 136
735142.69271 115
735142.692716 42
735142.692723 44
735142.692729 49
735142.692736 33
735142.692743 31
735142.692749 43
735142.692755 44
735142.692761 148
735142.692768 154
735142.692775 132
735142.692781 93
735142.692788 59
735142.692794 20
735142.692801 39
735142.692807 35
735142.692813 26
735142.69282 33
735142.692826 85
735142.692832 178
735142.692839 49
735142.692844 44
735142.69285 135
735142.692857 105
735142.692863 50
735142.692869 92
735142.692875 142
735142.692882 101
735142.692888 74
735142.692894 57
735142.692901 63
735142.692907 39
735142.692914 167
735142.692921 136
735142.692927 40
735142.692934 39
