735322.743057 109.867675781
735322.743061 158.807907415
735322.743065 85.1291850667
735322.743068 73.2775711766
735322.743072 91.7787871255
735322.743075 78.8541681654
735322.743079 80.3061394381
735322.743082 85.4607208568
735322.743086 135.505471572
735322.74309 129.266222685
735322.743093 53.2473469388
735322.743097 70.4470742222
735322.7431 76.3528125
735322.743104 93.6960544218
735322.743107 88.7455782313
735322.743111 89.6338514952
735322.743115 83.4267775258
735322.743118 89.2272576775
735322.743122 67.0665625
735322.743125 87.5223542097
735322.743129 24.6701294865
735322.743132 27.7862261648
735322.743136 18.7357224858
735322.74314 26.2054635508
735322.743143 80.2536566764
735322.743147 98.0012884361
735322.74315 105.019305974
735322.743154 92.789802674
735322.743157 95.5710844738
735322.743161 103.46949036
735322.743165 106.395009583
735322.743168 100.943773947
735322.743172 99.2755111515
735322.743175 113.569896209
735322.743179 106.180694006
735322.743182 106.127688833
735322.743186 120.269264097
735322.74319 113.82160585
735322.743193 130.240411536
735322.743197 108.253047038
735322.7432 122.435325822
735322.743204 88.3563786359
735322.743208 119.240542322
735322.743211 91.7457140783
735322.743215 89.4669626987
735322.743218 83.1648873098
735322.743222 93.6045263049
735322.743225 94.1335627588
735322.743229 90.8577329299
735322.743232 94.2326215032
735322.743236 89.1508995528
735322.743239 90.9151581103
735322.743243 90.3476321915
735322.743247 90.2503999987
735322.74325 96.9780156673
735322.743254 91.0832690787
735322.743257 98.0545144721
735322.743261 91.3753888827
735322.743264 90.1903275372
735322.743268 88.3013615083
735322.743272 89.2788344376
735322.743275 93.1951320174
735322.743279 84.6558310005
735322.743282 86.5552291671
735322.743286 85.5111406457
735322.743289 86.6629749896
735322.743293 79.2625728705
735322.743297 70.0502711027
735322.7433 116.656625912
735322.743304 57.8708728207
735322.743307 68.5477992198
735322.743311 68.8367935331
735322.743314 10.9113687006
735322.743318 71.76651484
735322.743322 72.9291633281
735322.743325 72.9695775434
735322.743329 64.2293303923
735322.743332 73.7522298946
735322.743336 67.4073331965
735322.743339 88.7498040407
735322.743343 61.1333211234
735322.743347 64.6158607554
735322.74335 71.6387744158
735322.743354 74.2471112687
735322.743357 86.2723052801
735322.743361 83.4628505208
735322.743364 87.178723944
735322.743368 87.4603525322
735322.743372 89.0147993588
735322.743375 87.875137204
735322.743379 90.8238016984
735322.743382 97.3347081124
735322.743386 104.627782224
735322.743389 92.7743147562
735322.743393 89.3223235238
735322.743397 95.6333334352
735322.7434 92.1044841083
735322.743404 90.871962905
735322.743407 86.9162444435
735322.743411 86.6206647297
735322.743414 86.9684041213
735322.743418 92.3085852523
735322.743422 91.3407579037
735322.743425 85.1274894811
735322.743429 91.0777395073
735322.743432 93.44899081
735322.743436 86.4834596897
735322.74344 88.1466758923
735322.743443 86.0703777595
735322.743447 83.3196930759
735322.74345 76.4159026097
735322.743454 77.510428881
735322.743457 65.6696491406
735322.743461 63.6018336603
735322.743464 70.7498191555
735322.743468 69.3184265161
735322.743471 75.4281119414
735322.743475 90.4598283944
735322.743479 86.3156132237
735322.743482 67.0633708876
735322.743486 66.6880656991
735322.743489 71.3922135728
735322.743493 96.6933646779
735322.743497 106.14923853
735322.7435 83.668797465
735322.743504 89.1130257365
735322.743507 86.1191758254
735322.743511 94.4644614416
735322.743514 93.5394940143
735322.743518 90.7338079107
735322.743521 100.155167589
735322.743525 99.7333851339
735322.743529 102.944209865
735322.743532 112.275303981
735322.743536 115.505351565
735322.743539 110.054623331
735322.743543 110.080766722
735322.743546 122.94772247
735322.74355 182.518730788
735322.743554 189.897688938
735322.743557 157.362306864
735322.743561 164.223397244
735322.743564 175.767783914
735322.743568 125.725705342
735322.743571 174.486916104
735322.743575 165.271091593
735322.743579 141.331379882
735322.743582 161.359072189
735322.743586 114.586055147
735322.743589 110.641995465
735322.743593 107.018553792
735322.743596 118.243347032
735322.7436 127.547578125
735322.743604 113.778125
735322.743607 145.256134502
735322.743611 154.703300781
735322.743614 127.448300781
735322.743618 117.430197711
735322.743621 98.294453125
735322.743625 127.859138322
735322.743628 103.790556815
735322.743632 100.66547745
735322.743636 109.95843238
735322.743639 98.493652244
735322.743643 101.123353937
735322.743646 111.4896087
735322.74365 104.375619457
735322.743653 99.0032653061
735322.743657 136.167566938
735322.743661 113.631488033
735322.743664 116.255873016
735322.743668 102.576649324
735322.743672 117.833088889
735322.743675 105.663100937
735322.743679 112.634285714
735322.743682 98.6238145629
735322.743686 97.458251821
735322.743689 139.623925781
735322.743693 78.255703125
735322.743696 90.4520634921
735322.7437 85.1221365583
735322.743703 87.2578355879
735322.743707 93.4159001041
